4 5
1 0 0 1 0
1 1 0 0 1
0 1 1 0 0
0 0 1 1 1

7 6
1 1 0 0 0
1 0 0 0 1
0 1 0 0 0
0 0 1 1 0
0 0 1 0 0
0 0 0 1 0
0 0 0 0 1

6 15
1 0 0 0 1 1 0 1 0 0 1 0 0 0 0
1 1 0 0 0 0 1 0 1 0 0 0 0 0 1
0 1 1 0 1 0 0 0 0 1 0 0 0 1 0
0 0 1 1 0 1 1 0 0 0 0 0 1 0 0
0 0 0 1 0 0 0 1 1 1 0 1 0 0 0
0 0 0 0 0 0 0 0 0 0 1 1 1 1 1

4 6
1 0 0 1 0 1
1 1 0 0 1 0
0 1 1 0 0 1
0 0 1 1 1 0

5 10
1 0 0 0 1 1 0 1 0 0
1 1 0 0 0 0 1 0 1 0
0 1 1 0 1 0 0 0 0 1
0 0 1 1 0 1 1 0 0 0
0 0 0 1 0 0 0 1 1 1

7 6
1 1 1 0 0 0
1 0 0 0 0 1
0 1 0 0 0 0
0 0 1 1 1 0
0 0 0 1 0 0
0 0 0 0 1 0
0 0 0 0 0 1
